board 1

5 1 2 3 4
0 6 7 8 9
10 11 12 13 14
15 16 17 18 19
20 21 22 23 24

board 2

1 6 2 3 4
5 0 7 8 9
10 11 12 13 14
15 16 17 18 19
20 21 22 23 24

board 3

1 6 2 3 4
5 11 7 8 9
10 0 12 13 14
15 16 17 18 19
20 21 22 23 24

board 4

0 6 2 3 4
1 5 7 8 9
10 11 12 13 14
15 16 17 18 19
20 21 22 23 24

board 5

1 6 2 0 4
5 7 8 3 9
10 11 12 13 14
15 16 17 18 19
20 21 22 23 24

board 6

5 1 2 3 4
10 6 7 8 9
15 11 12 13 14
16 21 17 18 19
0 20 22 23 24

board 7

1 2 3 8 4
5 6 7 13 9
10 11 12 18 14
15 16 0 17 19
20 21 22 23 24

board 8

1 6 2 3 4
5 11 7 8 9
10 12 13 14 19
15 16 17 0 18
20 21 22 23 24

board 9

5 1 2 3 4
10 6 7 8 9
15 11 12 13 14
16 21 18 19 0
20 22 17 23 24

board 10

5 2 3 8 4
6 1 12 7 9
10 16 11 13 14
15 0 17 18 19
20 21 22 23 24

board 11

7 1 2 3 4
0 6 12 8 9
5 10 11 13 14
15 16 17 18 19
20 21 22 23 24

board 12

5 1 2 3 4
10 12 6 8 9
15 11 7 13 14
20 16 17 18 19
0 21 22 23 24

board 13

1 6 2 3 4
5 7 12 8 9
10 11 13 18 14
15 17 0 19 24
20 16 21 22 23

board 14

1 2 3 4 9
5 6 7 8 14
10 11 0 12 13
15 16 17 24 19
20 21 22 18 23

board 15

5 1 2 3 4
11 15 7 8 9
6 12 17 13 14
16 10 22 18 19
20 21 23 0 24

board 16

0 1 3 8 4
5 7 2 13 9
10 6 12 11 14
15 16 17 18 19
20 21 22 23 24

board 17

5 1 7 4 9
0 2 6 8 3
10 11 12 13 14
15 16 17 18 19
20 21 22 23 24

board 18

7 1 0 3 4
5 10 2 8 9
15 6 12 13 14
20 11 17 18 19
21 16 22 23 24

board 19

1 6 2 3 4
5 11 7 8 9
15 10 12 13 14
16 21 23 19 24
20 0 22 18 17

board 20

1 6 2 3 4
5 7 8 9 14
10 11 12 13 19
22 20 21 17 18
0 15 16 23 24

board 21

1 2 7 3 9
5 6 4 14 0
10 11 12 19 13
15 16 17 8 18
20 21 22 23 24

board 22

6 1 0 2 3
5 11 7 8 4
10 15 12 13 9
20 16 17 18 14
21 22 23 24 19

board 23

5 1 2 3 4
6 7 8 9 14
10 11 12 13 19
15 17 20 18 24
16 21 22 0 23

board 24

6 2 3 8 4
1 7 11 0 13
10 5 12 18 9
15 16 22 17 14
20 21 23 24 19

board 25

5 7 1 3 4
6 12 11 8 9
10 2 18 14 19
15 21 16 23 17
20 0 13 22 24

board 26

10 5 8 2 4
1 0 7 13 9
11 6 3 16 14
15 17 12 22 19
20 21 23 18 24

board 27

5 1 2 3 4
6 7 12 8 9
10 11 18 13 14
15 17 20 19 0
21 16 22 23 24

board 28

5 1 2 3 4
6 7 12 19 8
10 11 18 14 17
15 0 16 24 9
20 21 22 23 13

board 29

5 2 3 4 9
6 10 7 8 0
11 1 13 14 12
15 16 17 18 19
20 21 22 23 24

board 30

1 2 0 3 4
5 6 12 7 9
10 20 16 8 13
17 11 15 19 14
21 22 18 23 24

board 31

5 1 2 3 4
10 7 13 8 9
11 15 6 18 14
12 20 17 19 24
16 21 22 0 23

board 32

2 5 4 7 9
1 11 6 3 8
10 20 12 13 14
15 0 17 18 19
21 16 22 23 24

board 33

5 1 7 2 3
0 10 12 6 9
15 11 19 8 4
20 16 13 17 14
21 22 23 18 24

board 34

1 2 7 3 4
5 16 6 9 13
10 15 11 8 14
20 17 12 24 18
21 22 0 23 19

board 35

10 5 1 4 7
6 2 0 14 3
11 16 13 8 9
15 21 12 18 24
20 22 17 19 23

board 36

6 5 2 3 4
10 1 8 17 9
11 12 7 14 0
15 21 24 22 23
20 18 16 19 13

board 37

1 3 4 0 9
10 5 7 13 8
11 6 12 2 14
15 16 17 18 19
20 21 22 23 24

board 38

5 7 1 2 13
11 10 8 9 4
0 12 17 18 3
6 16 23 24 14
15 20 21 22 19

board 39

1 7 12 8 3
5 2 13 18 4
10 6 9 19 14
16 11 15 22 24
21 20 17 0 23

board 40

10 5 1 4 14
6 7 9 0 2
15 11 3 23 8
20 16 18 12 19
21 22 17 13 24

board 41

5 8 6 7 4
10 1 3 18 9
11 2 13 0 14
16 12 15 22 19
20 21 17 23 24

board 42

6 3 4 2 9
1 5 7 8 14
10 11 12 13 19
16 22 17 0 23
21 15 20 24 18

board 43

6 2 5 1 3
0 12 8 14 4
7 11 17 13 9
10 15 21 24 18
20 22 16 23 19

board 44

0 5 1 10 9
11 7 2 3 8
6 17 13 4 14
15 12 21 18 19
16 20 22 23 24

board 45

11 2 3 8 4
5 6 16 7 9
15 1 12 13 14
20 10 17 23 0
21 22 24 18 19

board 46

1 6 5 2 3
10 11 12 8 4
0 13 7 14 9
20 21 17 18 19
15 16 22 23 24

board 47

5 3 11 4 9
6 1 0 2 7
10 15 12 8 14
16 20 17 18 19
21 22 23 24 13

board 48

6 2 11 4 9
1 12 13 3 14
5 20 7 8 19
10 0 23 22 18
21 15 17 16 24

board 49

2 7 3 4 9
1 5 0 8 14
11 15 6 12 24
16 10 17 13 18
20 21 22 23 19

board 50

5 7 1 4 14
10 2 8 3 18
11 6 19 22 9
15 16 13 24 23
20 21 17 12 0

board 51

6 18 5 2 3
8 7 1 13 24
15 10 12 9 4
0 16 17 11 14
20 21 22 19 23

board 52

2 10 13 8 4
5 12 3 0 9
11 1 6 18 14
16 17 7 19 24
15 20 21 22 23

board 53

5 2 8 6 13
10 1 14 9 3
15 11 16 7 4
20 12 0 24 19
21 17 22 18 23

board 54

5 1 6 2 4
11 7 13 3 9
15 21 16 8 14
20 0 10 22 24
12 17 19 18 23

board 55

1 0 2 7 12
5 6 3 8 9
10 11 4 18 23
15 16 17 22 13
20 21 14 24 19

board 56

1 2 0 4 9
5 7 11 13 8
6 10 22 3 12
15 20 23 19 14
17 16 21 18 24

board 57

1 12 11 4 2
5 6 7 3 14
13 16 17 0 23
10 20 18 9 8
15 21 22 24 19

board 58

5 6 3 7 18
1 10 9 13 8
11 12 2 23 4
21 20 16 24 14
0 15 17 22 19

board 59

10 1 6 3 9
7 11 0 4 2
12 17 5 8 13
15 16 21 18 14
20 22 23 24 19

board 60

1 6 2 12 7
5 16 8 4 3
0 15 13 14 9
10 17 22 18 19
21 11 20 23 24

board 61

11 1 6 9 14
5 7 2 8 3
15 10 13 4 19
0 22 16 17 24
20 21 23 18 12

board 62

1 6 2 4 9
5 12 11 3 14
16 10 8 18 13
20 0 7 17 23
15 21 22 24 19

board 63

10 5 1 4 9
11 6 2 7 8
15 0 3 13 14
22 12 17 18 19
20 16 21 23 24

board 64

2 10 1 6 4
13 0 7 9 8
15 5 11 14 3
21 20 12 23 18
22 17 16 19 24

board 65

6 10 7 1 3
0 5 2 4 8
15 11 18 23 19
16 21 12 13 9
20 17 22 24 14

board 66

10 5 6 1 3
12 2 7 23 4
15 20 19 14 13
11 0 17 24 8
18 21 16 9 22

board 67

5 2 4 12 7
6 1 16 9 8
10 0 3 24 19
21 17 11 22 13
15 20 23 14 18

board 68

0 5 7 4 9
1 11 12 8 3
6 17 22 19 13
16 15 18 2 14
10 20 21 23 24

board 69

5 6 13 0 9
1 8 2 11 16
10 17 7 3 4
12 21 18 14 19
15 20 22 23 24

board 70

5 2 3 4 9
15 11 17 14 12
0 10 8 19 23
6 7 1 18 24
21 20 16 22 13

board 71

5 16 1 7 3
11 6 4 14 9
10 8 2 17 13
20 12 0 23 19
21 15 22 24 18

board 72

5 1 2 8 7
10 3 16 6 4
20 12 0 18 9
15 23 19 13 24
22 21 17 11 14

board 73

1 2 8 0 9
10 15 3 4 14
5 16 18 6 13
21 11 7 12 24
22 20 23 19 17

board 74

5 1 2 8 3
15 6 13 10 4
20 12 0 22 17
11 9 14 24 19
21 23 18 7 16

board 75

11 6 2 0 18
5 12 14 4 7
1 10 13 3 8
20 21 23 16 9
22 15 19 17 24

board 76

4 1 14 8 9
6 2 3 13 15
16 12 5 19 0
20 11 7 10 24
21 17 22 18 23

board 77

1 10 4 9 3
15 7 11 2 8
5 20 6 12 13
17 16 24 18 23
21 0 22 19 14

board 78

15 6 7 17 2
20 1 8 4 3
5 10 14 19 9
21 0 18 24 11
16 12 22 23 13

board 79

6 5 16 0 11
2 13 19 9 3
10 8 1 4 7
20 17 15 12 14
21 22 23 24 18

board 80

1 2 7 4 14
5 15 8 3 12
6 10 18 11 13
20 16 9 0 19
21 17 22 23 24

board 81

6 1 2 9 8
16 7 17 4 0
20 12 3 13 14
10 21 23 5 18
11 15 24 22 19

board 82

1 11 7 9 14
2 3 4 5 8
10 12 6 13 0
15 16 20 17 19
21 22 24 18 23

board 83

1 6 18 17 7
5 13 8 2 14
10 11 4 19 3
20 15 24 12 0
16 21 22 23 9

board 84

6 5 2 13 4
10 7 1 9 19
20 14 0 12 8
11 15 3 22 18
21 17 16 24 23

board 85

1 6 7 0 4
10 2 12 14 8
11 5 22 3 9
15 16 23 13 19
20 21 24 17 18

board 86

5 11 2 8 13
15 4 3 6 24
12 21 16 14 9
1 0 7 10 23
20 22 18 19 17

board 87

5 1 2 0 4
10 7 3 18 9
11 13 14 24 23
15 6 16 19 22
20 21 12 17 8

board 88

7 5 10 1 4
11 8 19 2 3
15 13 0 9 18
20 12 6 16 14
21 22 23 17 24

board 89

15 5 1 0 3
10 20 8 2 12
6 14 7 13 4
16 17 11 9 24
23 21 22 18 19

board 90

6 8 12 14 23
5 7 2 0 4
1 17 11 3 9
10 16 22 19 24
15 20 21 13 18

board 91

5 1 3 9 4
10 6 2 8 12
15 17 11 14 7
19 24 20 18 13
21 16 23 0 22

board 92

11 1 7 4 8
12 21 3 13 6
16 5 2 9 14
10 0 17 22 23
15 18 20 24 19

board 93

16 10 2 9 3
11 7 0 13 19
6 12 1 8 24
15 21 17 14 4
5 20 22 18 23

board 94

7 11 9 1 0
3 2 10 4 13
6 5 17 18 14
15 20 19 8 24
16 23 22 12 21

board 95

5 4 1 3 14
11 6 17 9 24
20 15 7 0 13
10 18 2 12 8
21 22 16 19 23

board 96

6 2 12 8 4
5 1 3 22 9
10 7 14 19 24
23 21 11 13 16
15 17 0 18 20

board 97

2 3 7 4 9
6 1 5 13 19
11 15 16 12 8
10 17 24 22 14
21 20 18 0 23

board 98

1 2 10 4 9
6 15 17 14 13
5 12 8 24 21
16 0 22 19 18
20 3 23 7 11

board 99

7 6 5 3 4
13 15 1 14 9
16 10 2 8 19
21 20 12 18 23
11 0 22 24 17

board 100

2 1 7 12 4
5 22 6 8 9
20 10 24 14 3
16 11 15 18 19
0 21 13 17 23

